885181521579167
959079266895271
770674874899871
834501120985267
1104903170998481
960282965190433
644109112001959
1045074428712191
617845338611713
712402496883713
1094243673225433
781677237399269
648502888440763
660561366880999
963376307985589
684838712060957
887767745531311
782777899342987
1068889622594771
809497985758283
879218748237649
810371375966363
857608951540591
1067883562150451
595463894507939
947217487575343
637609734049537
672474010446331
749628835116173
877581843019337
1043321173731469
700234144319729
967878896478499
728679010400791
572925303201191
1041918459868079
891601569643849
587233400125067
673309626344633
742955291245967
687668537738807
1011236294270861
929797630949309
1017615913837613
693153217291279
960513602542903
862905556680961
769817791753103
939822572768467
580227232198249
830024643048721
816916130703971
859163469877681
1027898750313637
1056196559619073
984889217113649
908953518198911
814649072277977
768064162687559
600926700616097
785417342230903
610196668163363
671152138806419
1061184171074773
635734174469593
978074375074009
795714899187193
623158937936177
839777084757031
890571728101129
637661015373077
987833308890223
718695071327867
795374034905003
720422918785109
807787212418807
1080982340079667
766784060371951
1057642627609417
737182584386813
668365514611933
616738212919363
678911546737003
840118104825553
962126035125011
1104894767626159
625570821822559
849631088591261
1071346027192561
945763169927921
908508135654281
668148193457543
806044082273263
679163324909581
1005243934286513
788044267450919
981609974440031
815151964819741
1048550746505827
933586857377221
